                  1.39782354776117312412
                  1.06759130852473305140
                  0.78358570632527080324
                 -0.41686750399280925183
                  0.10764401884216928673
                  0.18802226470515340240
                  0.53386278725619429331
                 -0.77952465383842506341
                  1.04656403410403320287
                 -1.24318703149550224829
                  1.49292778094272526879
                  1.59368304364079915736
                  0.91788990854202368030
                  0.58132498504062812827
                  0.31906189589016142882
                  0.10490459885324997236
                 -0.95203537601089838205
                  0.65705962814435470154
                  1.17260000792437857342
                 -1.26354562118316438024
                  0.61694620659203336377
